0.348299
0.708209
1.05651
1.40481
1.75311
2.0898
2.4381
2.78639
3.12308
3.45977
3.80807
4.14476
4.49306
4.82975
5.17805
5.52635
5.86304
6.21134
6.54803
6.89633
7.23302
7.58132
7.918
8.2663
8.60299
8.95129
9.28798
9.63628
9.97297
10.3213
10.6696
11.0063
11.3546
11.6912
12.0395
12.3762
12.7245
13.0612
13.4095
13.7462
14.0945
14.4312
14.7795
15.1162
15.4645
15.8012
16.1495
16.4978
16.8345
17.1828
17.5195
17.8678
18.2044
18.5527
18.8894
19.2377
19.5744
19.9227
20.271
20.6077
20.9444
21.2927
21.6526
22.0241
22.4073
22.7788
23.1387
23.487
23.8353
24.1952
24.5319
24.8686
25.2053
25.542
25.8786
26.2269
26.5752
26.9235
27.2718
27.6085
27.9452
28.2819
28.6302
28.9785
29.3268
29.6751
30.0118
30.3485
30.6852
31.0219
31.3702
31.7185
32.09
32.4383
32.7866
33.1233
33.46
33.8083
34.1449
34.4932
34.8299
35.1666
35.5033
35.84
36.1767
36.525
36.8733
37.2216
37.5699
37.9182
38.2549
38.6032
38.9399
39.2766
39.6249
39.9732
40.3098
40.6465
40.9832
41.3315
41.6682
42.0165
42.3648
42.7131
43.0614
43.4097
43.7812
44.1644
44.5243
44.8958
45.2673
45.6272
45.9755
46.3238
46.6605
47.0088
47.3455
47.6938
48.0305
48.3788
48.7271
49.0638
49.4121
49.7488
50.097
50.4337
50.782
51.1303
51.467
51.8153
52.152
52.5003
52.837
53.1853
53.522
53.8703
54.207
54.5437
54.892
55.2403
55.577
55.9137
56.2619
56.6102
56.9585
57.2952
57.6319
57.9802
58.3169
58.6652
59.0135
59.3502
59.6985
60.0352
60.3835
60.7318
61.0685
61.4052
61.7535
62.1018
62.4385
62.7868
63.1234
63.4601
63.8084
64.1567
64.4934
64.8417
65.1784
65.5151
65.8634
66.2117
66.5832
66.9547
67.3146
67.6746
68.0345
68.3828
68.7311
69.091
69.4509
69.8108
70.1823
70.5654
70.937
71.2969
71.6452
71.9935
72.3418
72.6901
73.0384
73.3751
73.7234
74.06
74.4083
74.7566
75.0933
75.43
75.7783
76.1266
76.4749
76.8116
77.1599
77.5082
77.8449
78.1932
78.5415
78.8898
79.2265
79.5748
79.9231
80.2598
80.5965
80.9448
81.2931
81.6414
81.9781
82.3263
82.663
82.9997
83.348
83.6847
84.033
84.3813
84.718
85.0663
85.403
85.7397
86.088
86.4363
86.773
87.1213
87.4696
87.8063
88.1546
88.4912
88.8395
89.1878
89.5245
89.8612
90.2095
90.5578
90.8945
91.2312
91.5795
91.9162
92.2645
92.6128
92.9495
93.2978
93.6345
93.9712
94.3195
94.6561
95.0044
95.3527
95.6894
96.0377
96.3744
96.7227
97.0594
97.4077
97.7444
98.0927
98.4294
98.7777
99.1144
99.4511
99.7878
100.136
100.484
100.821
101.169
101.518
101.866
102.203
102.539
102.888
103.236
103.573
103.921
104.269
104.606
104.943
105.279
105.628
105.976
106.313
106.661
107.009
107.346
107.683
108.019
108.368
108.716
109.064
109.401
109.749
110.086
110.434
110.782
111.119
111.456
111.804
112.152
112.489
112.826
113.174
113.522
113.859
114.207
114.544
114.892
115.241
115.577
115.914
116.262
116.611
116.947
117.284
117.632
117.981
118.317
118.666
119.002
119.351
119.699
120.047
120.419
120.802
121.185
121.545
121.905
122.253
122.601
122.938
123.275
123.611
123.96
124.308
124.656
124.993
125.341
125.678
126.015
126.351
126.7
127.048
127.396
127.733
128.081
128.418
128.755
129.103
129.44
129.788
130.136
130.485
130.833
131.181
131.518
131.866
132.214
132.563
132.934
133.306
133.666
134.037
134.409
134.769
135.117
135.465
135.814
136.162
136.499
136.835
137.183
137.52
137.868
138.205
138.553
138.89
139.238
139.575
139.923
140.272
140.608
140.957
141.293
141.63
141.978
142.315
142.663
143.012
143.348
143.685
144.022
144.37
144.718
145.067
145.403
145.74
146.077
146.425
146.773
147.122
147.47
147.807
148.155
148.492
148.828
149.165
149.513
149.862
150.21
150.547
150.895
151.232
151.568
151.917
152.265
152.602
152.95
153.287
153.635
153.972
154.32
154.657
154.993
155.341
155.69
156.038
156.386
156.723
157.06
157.408
157.745
158.093
158.441
158.778
159.126
159.463
159.8
160.148
160.485
160.833
161.181
161.518
161.866
162.203
162.54
162.888
163.225
163.573
163.921
164.258
164.606
164.955
165.326
165.686
166.046
166.417
166.777
167.137
167.497
167.857
168.229
168.588
168.948
169.308
169.668
170.04
170.4
170.76
171.131
171.491
171.862
172.222
172.582
172.942
173.314
173.674
174.034
174.405
174.765
175.125
175.496
175.856
176.216
176.588
176.948
177.308
177.667
178.039
178.399
178.759
179.13
179.49
179.85
180.21
180.582
180.941
181.313
181.673
182.033
182.404
182.776
183.136
183.496
183.856
184.227
184.587
184.947
185.307
185.667
186.038
186.398
186.77
187.13
187.49
187.861
188.221
188.581
188.941
189.301
189.672
190.044
190.404
190.764
191.135
191.495
191.855
192.215
192.575
192.946
193.306
193.666
194.026
194.397
194.769
195.129
195.5
195.86
196.22
196.58
196.94
197.3
197.671
198.031
198.391
198.763
199.123
199.494
199.854
200.214
200.586
200.945
201.305
201.677
202.037
202.408
202.768
203.128
203.488
203.848
204.208
204.579
204.939
205.299
205.659
206.031
206.402
206.762
207.122
207.494
207.853
208.225
208.585
208.945
209.305
209.665
210.036
210.408
210.768
211.139
211.499
211.859
212.219
212.579
212.95
213.322
213.682
214.042
214.401
214.761
215.133
215.493
215.853
216.224
216.584
216.944
217.316
217.687
218.047
218.407
218.767
219.138
219.498
219.858
220.218
220.578
220.949
221.309
221.669
222.041
222.401
222.772
223.132
223.492
223.852
224.212
224.583
224.955
225.315
225.675
226.035
226.395
226.766
227.126
227.486
227.857
228.217
228.577
228.949
229.309
229.68
230.04
230.4
230.772
231.131
231.491
231.863
232.223
232.583
232.943
233.302
233.674
234.034
234.405
234.765
235.137
235.497
235.857
