0.534059
1.07973
1.61379
2.13624
2.64707
3.20435
3.76163
4.31891
4.87619
5.44508
6.01397
6.57125
7.15175
7.72063
8.28952
8.8468
9.40408
9.96136
10.5186
11.0991
11.6796
12.2369
12.8174
13.3747
13.932
14.4893
15.0465
15.627
16.2075
16.7648
17.3221
17.891
18.4599
19.0171
19.5976
20.1549
20.7122
21.2927
21.85
22.4073
22.9761
23.545
24.1139
24.6828
25.2401
25.809
26.3779
26.9351
27.4924
28.0729
28.6302
29.1875
29.7564
30.3253
30.8825
31.4398
31.9971
32.5776
33.1465
33.7154
34.2727
34.8531
35.4104
35.9677
36.525
37.0939
37.6628
38.2433
38.8005
39.381
39.9383
40.4956
41.0645
41.6334
42.1907
42.7479
43.3052
43.8625
44.4314
44.9771
45.5343
46.1148
46.6953
47.2642
47.8331
48.3904
48.9709
49.5282
50.0854
50.6427
51.2232
51.7805
52.361
52.9183
53.4756
54.0561
54.6249
55.1938
55.7511
56.3084
56.8889
57.4462
58.0034
58.5723
59.1412
59.6985
60.2674
60.8363
61.4052
61.9741
62.5313
63.0886
63.6575
64.2264
64.7837
65.3642
65.9331
66.5019
67.0592
67.6281
68.197
68.7543
69.3116
69.8805
70.4493
71.0066
71.5871
72.156
72.7249
73.2822
73.8511
74.42
74.9888
75.5577
76.115
76.6723
77.2296
77.8101
78.3673
78.9246
79.5051
80.074
80.6429
81.2002
81.7575
82.338
82.8952
83.4525
84.0214
84.5903
85.1476
85.7048
86.2853
86.8426
87.4115
87.9804
88.5377
89.1066
89.6755
90.2327
90.79
91.3705
91.9278
92.4851
93.0656
93.6345
94.2034
94.7606
95.3179
95.8984
96.4789
97.0362
97.5935
98.1507
98.7312
99.2885
99.8458
100.415
100.984
101.541
102.098
102.667
103.236
103.793
104.35
104.931
105.488
106.057
106.626
107.183
107.741
108.321
108.89
109.459
110.016
110.573
111.154
111.711
112.28
112.849
113.406
113.964
114.532
115.101
115.67
116.239
116.796
117.365
117.934
118.491
119.06
119.629
120.21
120.767
121.324
121.905
122.462
123.019
123.577
124.145
124.714
125.283
125.852
126.421
126.99
127.536
128.104
128.662
129.242
129.8
130.357
130.914
131.471
132.029
132.609
133.19
133.747
134.316
134.885
135.442
136.022
136.58
137.137
137.706
138.275
138.844
139.401
139.97
140.527
141.084
141.653
142.222
142.779
143.36
143.917
144.475
145.055
145.612
146.17
146.75
147.307
147.865
148.445
149.002
149.571
150.14
150.709
151.278
151.835
152.393
152.95
153.53
154.088
154.657
155.225
155.794
156.363
156.92
157.478
158.047
158.616
159.184
159.742
160.311
160.879
161.448
162.006
162.586
163.143
163.701
164.258
164.827
165.396
165.953
166.51
167.068
167.636
168.217
168.786
169.343
169.912
170.481
171.05
171.607
172.188
172.756
173.314
173.871
174.428
174.997
175.566
176.123
176.681
177.25
177.818
178.399
178.956
179.513
180.082
180.651
181.209
181.766
182.346
182.915
183.472
184.041
184.599
185.168
185.736
186.294
186.863
187.431
187.989
188.569
189.127
189.684
190.253
190.822
191.39
191.959
192.517
193.086
193.654
194.212
194.781
195.349
195.907
196.464
197.045
197.602
198.159
198.716
199.274
199.831
200.4
200.969
201.549
202.118
202.687
203.256
203.825
204.382
204.939
205.52
206.1
206.658
207.215
207.784
208.353
208.922
209.49
210.048
210.605
211.185
211.743
212.3
212.857
213.415
213.983
214.552
215.11
215.667
216.224
216.781
217.362
217.942
218.5
219.057
219.638
220.206
220.775
221.333
221.89
222.459
223.028
223.597
224.165
224.723
225.28
225.86
226.418
226.975
227.544
228.113
228.682
229.251
229.808
230.365
230.934
231.503
232.06
232.629
233.198
233.755
234.336
234.893
235.45
236.019
236.588
237.169
237.726
238.283
238.864
239.444
240.025
240.605
241.209
241.813
242.347
242.892
243.438
243.972
244.518
245.063
245.609
