0.522449
1.05651
1.59057
2.13624
2.6819
3.22757
3.77324
4.31891
4.86458
5.41025
5.96753
6.52481
7.0937
7.66258
8.24308
8.81197
9.28798
9.7756
10.2632
10.7508
11.2268
11.7029
12.3182
12.9451
13.5605
14.1758
14.7679
15.36
15.9637
16.5558
17.1712
17.7865
18.3902
18.9939
19.5744
20.1317
20.7006
21.2579
21.8268
22.4073
22.9878
23.5683
24.1255
24.6828
25.2401
25.7858
26.3314
26.8887
27.446
28.0033
28.5605
29.1062
29.6635
30.2092
30.7548
31.3005
31.8462
32.3918
32.9375
33.4948
34.0405
34.5861
35.1318
35.6891
36.2347
36.7804
37.3145
37.8601
38.4058
38.9399
39.4855
40.0312
40.5769
41.1225
41.6566
42.2023
42.7363
43.2704
43.8044
44.3501
44.9074
45.4531
45.9871
46.5212
47.0552
47.5893
48.135
48.6922
49.2495
49.7952
50.3409
50.8749
51.409
51.943
52.4771
53.0228
53.5568
54.0909
54.6249
55.159
55.6931
56.2271
56.7496
57.2952
57.8409
58.375
58.8974
59.4199
59.9539
60.4764
60.9988
61.5329
62.0669
62.601
63.1234
63.6575
64.2032
64.7372
65.2597
65.7821
66.293
66.8038
67.3146
67.8255
68.3363
68.8356
69.3464
69.8572
70.3681
70.8789
71.3897
71.9006
72.3998
72.899
73.3983
73.9091
74.42
74.9308
75.4416
75.9409
76.4285
76.9277
77.4153
77.9146
78.4254
78.9246
79.4239
79.9115
80.4223
80.9215
81.4208
81.9432
82.4657
82.9881
83.5222
84.0446
84.5671
85.0895
85.6236
86.1693
86.7033
87.2374
87.7482
88.2707
88.7931
89.3156
89.8264
90.3605
90.8945
91.4286
91.951
92.4619
92.9843
93.5068
94.0176
94.54
95.0741
95.5965
96.1074
96.6182
97.1407
97.6515
98.1624
98.6848
99.2073
99.7181
100.229
100.751
101.274
101.796
102.319
102.853
103.387
103.909
104.432
104.943
105.465
105.987
106.498
107.021
107.543
108.077
108.6
109.122
109.645
110.167
110.678
111.2
111.711
112.222
112.71
113.209
113.72
114.231
114.753
115.287
115.821
116.355
116.878
117.4
117.923
118.445
118.956
119.478
120.001
120.523
121.034
121.545
122.067
122.578
123.089
123.611
124.134
124.656
125.167
125.678
126.189
126.7
127.234
127.768
128.302
128.824
129.335
129.846
130.368
130.879
131.39
131.901
132.412
132.923
133.433
133.921
134.42
134.908
135.396
135.895
136.394
136.882
137.358
137.834
138.321
138.82
139.308
139.807
140.307
140.817
141.305
141.804
142.292
142.779
143.267
143.766
144.254
144.753
145.252
145.74
146.216
146.692
147.18
147.679
148.178
148.677
149.177
149.676
150.175
150.663
151.139
151.638
152.126
152.613
153.089
153.565
154.053
154.552
155.04
155.539
156.026
156.526
157.025
157.524
158.023
158.523
159.022
159.521
160.02
160.52
161.019
161.518
162.017
162.516
163.016
163.527
164.026
164.513
165.001
165.489
165.976
166.475
166.975
167.462
167.938
168.426
168.925
169.424
169.924
170.423
170.91
171.398
171.886
172.373
172.78
173.198
173.627
174.057
174.475
174.881
175.287
175.705
176.123
176.553
176.994
177.435
177.876
178.318
178.747
179.188
179.618
180.036
180.454
180.872
181.278
181.719
182.161
182.602
183.055
183.507
183.948
184.378
184.796
185.226
185.655
186.108
186.549
186.979
187.408
187.826
188.244
188.662
189.103
189.544
189.986
190.427
190.868
191.309
191.75
192.18
192.61
193.039
193.492
193.933
194.374
194.804
195.222
195.64
196.058
196.487
196.905
197.346
197.776
198.194
198.623
199.041
199.459
199.901
200.342
200.76
201.178
201.596
202.014
202.42
202.838
203.256
203.697
204.127
204.556
204.986
205.404
205.822
206.24
206.669
207.11
207.528
207.958
208.376
208.782
209.189
209.607
210.024
210.442
210.86
211.278
211.685
212.091
212.497
212.915
213.322
213.74
214.146
214.552
214.97
215.377
215.783
216.201
216.619
217.037
217.455
217.884
218.302
218.732
219.15
219.568
219.997
220.427
220.833
221.251
221.681
222.099
222.505
222.923
223.341
223.771
224.189
224.607
225.036
225.466
225.884
226.302
226.731
227.149
227.556
227.974
228.38
228.798
229.216
229.634
230.04
230.47
230.911
231.34
231.758
232.165
232.594
233.012
233.43
233.848
234.255
234.661
235.067
235.462
235.857
236.251
236.681
237.099
237.529
237.946
238.376
238.806
239.224
239.653
240.083
240.512
240.93
241.348
241.766
242.184
242.602
243.008
243.426
243.856
244.274
244.692
245.11
245.539
245.969
246.399
246.828
247.269
247.699
248.128
248.558
248.988
249.429
249.858
250.276
250.683
251.101
251.519
251.937
252.366
252.784
253.202
253.632
254.05
254.467
254.862
255.28
255.687
256.093
256.511
256.929
257.358
257.788
258.217
258.647
259.088
259.529
259.959
260.4
260.83
261.248
261.666
262.084
262.502
262.92
263.361
263.779
264.208
264.626
265.044
265.474
265.892
266.298
266.716
267.134
267.552
267.97
268.376
268.794
269.235
269.653
270.071
270.501
270.93
271.372
271.813
272.231
272.649
273.067
273.485
273.914
274.344
274.75
275.156
275.563
275.981
276.399
276.84
277.269
277.711
278.129
278.547
278.965
279.394
279.812
280.23
280.66
281.078
281.496
281.925
282.343
282.807
283.272
283.725
284.189
284.653
285.129
285.675
286.198
286.732
287.242
287.753
288.264
288.775
289.286
289.785
290.296
290.795
291.294
291.794
292.293
292.78
293.28
293.767
294.266
294.754
295.242
