0.684989
1.3932
2.11302
2.82122
3.52943
4.22603
4.89941
5.57279
6.24617
6.90794
7.59293
8.2663
8.93968
9.61306
10.2864
10.9598
11.6332
12.3066
12.98
13.6533
14.3267
15.0001
15.6735
16.3468
17.0202
17.6936
18.367
19.0404
19.7254
20.4103
21.0837
21.7571
22.4305
23.1039
23.7772
24.4506
25.124
25.7974
26.4707
27.1441
27.8175
28.4909
29.1643
29.8376
30.511
31.1844
31.8578
32.5312
33.2045
33.8779
34.5513
35.2247
35.898
36.5714
37.2448
37.9182
38.6032
39.2882
39.9848
40.693
41.4128
42.121
42.806
43.491
44.1644
44.8377
45.5111
46.1845
46.8579
47.5312
48.2046
48.878
49.5514
50.2248
50.9097
51.5831
52.2565
52.9299
53.6149
54.2883
54.9616
55.635
56.3084
56.9818
57.6551
58.3285
59.0019
59.6753
60.3487
61.022
61.6954
62.3688
63.0422
63.7156
64.3889
65.0623
65.7357
66.4091
67.0825
67.7558
68.4292
69.1026
69.776
70.4493
71.1227
71.7961
72.4695
73.1545
73.8395
74.5128
75.1862
75.8596
76.533
77.2063
77.8797
78.5531
79.2265
79.8999
80.5732
81.2466
81.92
82.5934
83.2668
83.9401
84.6135
85.2869
85.9603
86.6337
87.307
87.9456
88.5841
89.2227
89.8612
90.5114
91.1848
91.8581
92.5315
93.2049
93.8783
94.5517
95.225
95.8984
96.5718
97.2452
97.9185
98.6035
99.2769
99.9503
100.635
101.309
101.982
102.655
103.329
104.002
104.676
105.349
106.022
106.696
107.369
108.042
108.716
109.389
110.063
110.736
111.409
112.083
112.756
113.429
114.103
114.776
115.45
116.123
116.796
117.47
118.143
118.817
119.49
120.163
120.848
121.533
122.207
122.88
123.553
124.227
124.9
125.574
126.247
126.92
127.594
128.267
128.94
129.614
130.287
130.961
131.669
132.389
133.108
133.817
134.49
135.175
135.86
136.533
137.207
137.88
138.553
139.227
139.9
140.574
141.247
141.92
142.594
143.267
143.94
144.614
145.287
145.961
146.634
147.307
147.981
148.654
149.328
150.001
150.686
151.359
152.044
152.718
153.391
154.064
154.738
155.411
156.085
156.758
157.431
158.105
158.778
159.451
160.125
160.798
161.472
162.145
162.818
163.492
164.165
164.838
165.512
166.185
166.859
167.532
168.205
168.879
169.552
170.225
170.899
171.572
172.246
172.931
173.604
174.277
174.951
175.636
176.309
176.982
177.656
178.329
179.003
179.676
180.349
181.023
181.696
182.37
183.043
183.716
184.39
185.063
185.736
186.41
187.083
187.757
188.43
189.103
189.777
190.45
191.135
191.808
192.493
193.167
193.84
194.514
195.187
195.86
196.534
197.207
197.88
198.554
199.227
199.901
200.574
201.213
201.863
202.571
203.279
203.987
204.707
