0.417959
0.882358
1.35837
1.83438
2.31039
2.78639
3.27401
3.75002
4.22603
4.71365
5.18966
5.66567
6.15329
6.64091
7.12853
7.61615
8.10376
8.57977
9.05578
9.52018
10.0078
10.4954
10.9714
11.4474
11.9351
12.3995
12.8871
13.3747
13.8507
14.3267
14.8143
15.2787
15.7663
16.2424
16.7184
17.206
17.6936
18.1696
18.6456
19.1216
19.6093
20.0853
20.5729
21.0373
21.5249
22.0125
22.5001
22.9645
23.4522
23.9282
24.4042
24.8918
25.3678
25.8438
26.3314
26.7958
27.2834
27.7711
28.2471
28.7231
29.2107
29.6867
30.1743
30.6503
31.138
31.6024
32.09
32.5544
33.042
33.5296
34.0172
34.4816
34.9692
35.4569
35.9329
36.4089
36.8965
37.3609
37.8485
38.3361
38.8122
39.2882
39.7758
40.2402
40.7278
41.2154
41.6914
42.1674
42.6551
43.1311
43.6071
44.0831
44.5707
45.0467
45.5343
45.9987
46.4863
46.9624
47.4384
47.926
48.4136
48.8896
49.3656
49.8416
50.3293
50.8053
51.2929
51.7573
52.2449
52.7325
53.2201
53.6845
54.1722
54.6482
55.1242
55.6118
56.0878
56.5638
57.0514
57.5158
58.0034
58.4911
58.9671
59.4431
59.9307
60.4067
60.8827
61.2775
61.6954
62.0902
62.5081
62.8796
63.2744
63.6691
64.0871
64.4934
64.8882
65.2829
65.6892
66.0608
66.4555
66.8503
67.245
67.6397
68.0345
68.4408
68.8472
69.2419
69.6366
70.0314
70.4377
70.8209
71.2156
71.6103
72.0283
72.4346
72.8294
73.2125
73.6073
74.002
74.3967
74.7915
75.2094
75.6158
75.9989
76.3936
76.7884
77.1831
77.5779
77.9726
78.3906
78.7969
79.18
79.5748
79.9811
80.3643
80.759
81.1537
81.5601
81.9548
82.338
82.7443
83.1507
83.5454
83.9517
84.3697
84.8922
85.4262
85.9487
86.4595
86.9819
87.4928
87.9804
88.468
88.9556
89.4433
89.9309
90.4069
90.8829
91.3473
91.8349
92.3225
92.8102
93.2746
93.7854
94.2614
94.7374
95.2018
95.6894
96.1654
96.6531
97.1291
97.6167
98.0927
98.5687
99.0331
99.5207
100.008
100.496
100.96
101.448
101.924
102.4
102.888
103.375
103.851
104.327
104.792
105.279
105.767
106.243
106.719
107.207
107.694
108.182
108.646
109.122
109.598
110.086
110.55
111.038
111.525
112.001
112.477
112.965
113.441
113.917
114.393
114.869
115.357
115.844
116.309
116.796
117.284
117.76
118.236
118.724
119.211
119.687
120.163
120.639
121.115
121.603
122.067
122.555
123.043
123.53
123.995
124.482
124.958
125.434
125.922
126.409
126.874
127.361
127.826
128.313
128.801
129.277
129.753
130.241
130.717
131.204
131.68
132.168
132.632
133.12
133.608
134.084
134.56
135.047
135.512
135.999
136.464
136.928
137.381
137.834
138.275
138.716
139.146
139.575
139.993
140.411
140.829
141.224
141.618
142.025
142.431
142.826
143.221
143.615
144.01
144.428
144.834
145.241
145.624
146.03
146.413
146.82
147.191
147.586
147.981
148.376
148.77
149.188
149.583
149.978
150.372
150.779
151.162
151.557
151.951
152.369
152.776
153.17
153.554
153.948
154.343
154.738
155.133
155.539
155.934
156.328
156.735
157.141
157.524
157.919
158.314
158.732
159.138
159.521
159.916
160.322
160.705
161.1
161.495
161.901
162.307
162.691
163.097
163.492
163.886
164.281
164.676
165.071
165.465
165.86
166.255
166.65
167.044
167.439
167.834
168.24
168.647
169.041
169.436
169.842
170.249
170.643
171.038
171.433
171.828
172.222
172.617
173.023
173.43
173.825
174.219
174.626
175.032
175.415
175.798
176.193
176.588
176.994
177.389
177.795
178.19
178.585
178.979
179.374
179.769
180.164
180.558
180.976
181.383
181.766
182.161
182.567
182.95
183.345
183.74
184.157
184.564
184.947
185.342
185.736
186.131
186.526
186.921
187.315
187.71
188.105
188.511
188.918
189.312
189.707
190.102
190.497
190.891
191.286
191.692
192.099
192.493
192.888
193.283
193.678
194.072
194.467
194.873
195.28
195.675
196.069
196.464
196.859
197.254
197.648
198.043
198.438
198.832
199.227
199.622
