0.441179
0.870748
1.30032
1.72989
2.15946
2.58902
3.0302
3.44816
3.87773
4.3073
4.73687
5.16644
5.59601
6.02558
6.45515
6.87311
7.30268
7.73224
8.16181
8.59138
9.02095
9.45052
9.90331
10.3097
10.7392
11.1572
11.5751
12.0163
12.4459
12.8755
13.305
13.7346
14.1642
14.5937
15.0233
15.4529
15.8824
16.312
16.7532
17.1712
17.6007
18.0187
18.4483
18.8778
19.3074
19.737
20.1665
20.5961
21.0257
21.4552
21.8848
22.3144
22.7323
23.1619
23.5915
24.021
24.4506
24.8802
25.3097
25.7393
26.1689
26.5985
27.028
27.4576
27.8872
28.3167
28.7463
29.1643
29.5938
30.0234
30.453
30.8825
31.3121
31.7417
32.1712
32.5892
33.0188
33.4483
33.8779
34.3075
34.7371
35.1666
35.5962
36.0258
36.4553
36.8849
37.3145
37.7324
38.162
38.6032
39.0327
39.4507
39.8803
40.3098
40.7394
41.169
41.5985
42.0281
42.4577
42.8756
43.3052
43.7348
44.176
44.5939
45.0235
45.4531
45.8826
46.3006
46.7302
47.1597
47.6009
48.0305
48.46
48.8896
49.3192
49.7371
50.1667
50.5963
51.0258
51.4554
51.885
52.3146
52.7441
53.1621
53.5917
54.0212
54.4508
54.8804
55.3099
55.7395
56.1691
56.5986
57.0282
57.4462
57.8873
58.3053
58.7349
59.1644
59.6056
60.0236
60.4532
60.8827
61.3123
61.7419
62.1714
62.601
63.0306
63.4485
63.8781
64.3077
64.7488
65.1668
65.5964
66.0259
66.4555
66.8735
67.303
67.7326
68.1622
68.5917
69.0329
69.4509
69.8805
70.31
70.7396
71.1692
71.5987
72.0167
72.4463
72.8758
73.317
73.735
74.1645
74.5941
75.0237
75.4532
75.8828
76.3124
76.742
77.1715
77.6011
78.019
78.4602
78.8782
79.3078
79.7373
80.1669
80.5965
81.026
81.4556
81.8852
82.3147
82.7443
83.1739
83.6034
84.033
84.451
84.8805
85.3101
85.7397
86.1693
86.5988
87.0284
87.4464
87.8759
88.3055
88.7351
89.1646
89.5942
90.0238
90.4649
90.8829
91.3125
91.7304
92.16
92.5896
93.0191
93.4487
93.8783
94.3078
94.7374
95.167
95.5965
96.0261
96.4441
96.8736
97.3032
97.7328
98.1624
98.5919
99.0331
99.4511
99.8806
100.31
100.74
101.169
101.599
102.028
102.458
102.888
103.306
103.735
104.176
104.594
105.024
105.453
105.883
106.313
106.731
107.16
107.59
108.019
108.449
108.878
109.308
109.738
110.167
110.597
111.038
111.456
111.885
112.303
112.733
113.162
113.592
114.022
114.451
114.881
115.322
115.775
116.239
116.703
117.156
117.632
118.085
118.526
118.956
119.385
119.815
120.245
120.674
121.092
121.522
121.951
122.381
122.81
123.24
123.669
124.099
124.563
125.028
125.481
125.922
126.363
126.804
127.257
127.71
128.151
128.592
129.022
129.451
129.881
130.31
130.74
131.17
131.599
132.017
132.447
132.876
133.317
133.735
134.165
134.594
135.024
135.454
135.883
136.313
136.742
137.16
137.59
138.019
138.449
138.879
139.308
139.738
140.167
140.597
141.026
141.456
141.886
142.315
142.745
143.174
143.604
144.022
144.451
144.881
145.31
145.74
146.17
146.599
147.029
147.447
147.876
148.306
148.735
149.165
149.595
150.024
150.454
150.883
151.313
151.731
152.16
152.59
153.02
153.449
153.89
154.308
154.738
155.167
155.597
156.026
156.456
156.886
157.315
157.733
158.163
158.592
159.022
159.451
159.881
160.311
160.74
161.17
161.599
162.029
162.458
162.876
163.306
163.736
164.177
164.595
165.024
165.454
165.895
166.313
166.742
167.172
167.602
168.02
168.449
168.879
169.308
169.738
170.167
170.597
171.027
171.456
171.886
172.304
172.733
173.163
173.592
174.022
174.463
174.881
175.311
175.74
176.17
176.599
177.029
177.458
177.888
178.306
178.736
179.165
179.606
180.024
180.454
180.883
181.313
181.731
182.161
182.59
183.02
183.449
183.89
184.308
184.738
185.168
185.609
186.027
186.456
186.874
187.304
187.733
188.163
188.592
189.022
189.452
189.881
190.311
190.74
191.17
191.599
192.017
192.447
192.877
193.306
193.736
194.165
194.595
195.036
195.454
195.884
196.313
196.743
197.172
197.602
198.02
198.449
198.879
199.32
199.738
200.168
200.597
201.027
201.456
201.886
202.304
202.733
203.163
203.593
204.022
204.452
204.881
205.322
205.74
206.17
206.6
207.029
207.447
207.877
208.306
208.747
209.165
209.595
210.048
210.489
210.942
211.383
211.812
212.254
